285,3
285,2
285,1
285,0
284,3
284,2
284,1
284,0
283,3
283,2
283,1
283,0
282,52
282,51
282,50
282,49
282,48
282,47
282,46
282,45
282,44
282,43
282,42
282,41
282,40
282,39
282,38
282,37
282,36
282,35
3,2
3,1
3,3
10,123
10,9
10,103
10,233
10,25
10,192
10,111
10,1
10,209
10,2
10,3
11,6
11,5
11,26
11,10
11,20
11,22
11,16
11,1
11,12
11,2
11,3
9,7
9,4
9,1
9,6
9,2
9,3
8,4
8,9
8,6
8,15
8,10
8,1
8,17
8,2
8,3
12,2
12,1
12,3
20,2
20,1
20,3
19,2
281,3
281,2
19,1
281,1
281,0
280,4
280,3
19,3
280,2
280,1
280,0
276,4
276,3
276,2
276,1
276,0
273,4
273,3
273,2
273,1
273,0
270,3
270,2
270,1
270,0
269,3
269,2
269,1
269,0
268,4
268,3
268,2
268,1
268,0
267,3
267,2
267,1
18,1
267,0
266,3
18,3
266,2
266,1
266,0
265,3
14,1
265,2
265,1
